address,balance
0x8E0F45EBDb09F0CCBd1961605265d5C12B363030,10
0xeeDE9ACD5BbCd64915078323BDA6216dfb6565ef,9
0x9825e2BC2D3ac081DBe3D02a2eA1cC015E0137DB,9
0xf83719280BA7f4b1e390bb1524ad42b427c80F4E,8
0xD6a3B779850Fc5fd22900263d212bfE9EaEe37E3,8
0x9De93073243812A92965fdb16e413EBA04b27c20,5
0xCBb659774bFaE5071C5bb2f96ebA5323Ae4f996F,4
0x50495946033EcBC8699c526cd8A5F9C6E420c0d6,4
0xd286BE74Ae42c5fd5f25c21FFfBE1DFEBFC63510,3
0x9ac178571187A40BEF7c5Cb61dFC3D26c7e3F571,3
0x71535AAe1B6C0c51Db317B54d5eEe72d1ab843c1,3
0x660255Af9Aa0300BB168DCe9Db30A7Baaa88C751,3
0x3D8cFaF9645Cb665858a1529fcEe81FC8870e512,3
0x3bd59eD16c462b4464091830DAB828dce079076f,3
0x067A8C78463e2CbA1819386c7d894650dbe17733,3
0xea4cAdfB240057cb132D2A088281CE4B755C13b5,2
0xe9eDfB33924B5B812350E135493680F8A9E3A2dF,2
0xe6679DB187A025DB3fbb0860db29884771cAC0B2,2
0xdbeA9bD1A70Ac62102291fb3446424064948EDfA,2
0xDb50fC5E275Aa5d3CF7D31c6E101Db5f19227539,2
0xa41E79498DA7Bc115Db003c3D2a569987ce32D7B,2
0xa1AAe64b8C98045771cc7f450c98C989e0b373Cf,2
0x9fF12D0Aa891B40D1A999A781FBa8e796885D791,2
0x84F14f17bc7975D1D359d2A64Be98820e919650b,2
0x837Ba81662500bfBBF926a6967df6Fac60253B04,2
0x7Ef2F7af07a2185465875C1Fc099f8A8E38A84cD,2
0x79D26BbdF03dD196f70A807e0bF84C4b2f10FAb1,2
0x72D1BEFB45C38e2c137FA30c5e222CCD3629c110,2
0x64eaccB62A35Eb791cF79a2beC40e902dD99902c,2
0x60edaCED9D7a45c793B1f280aC6D189aaCB66991,2
0x5cAd4c2CDD19a55cB545229698b8953060fDD2D9,2
0x5c28c2A0B9f40ae709Ac91B84e053E8B1a72b59e,2
0x570b86aC7E3cB18A1bc9506F6Ecb7fF724D284fa,2
0x4438DAf6863175D0eBc8Bb828D890dA9895c36e6,2
0x42fb27a00aC4dbD01B2CDe886126Ee206d9F89a7,2
0x42Dac4c72EEe97baeE3bBacc7102790a7a1800Ee,2
0x40EaeAbcB854611162e948F8cc5863806F9Abf9f,2
0x37b2a3F8Eb9a41B72F4410e679035D0B28F95185,2
0x2FBc45b6575767B4900D24cB18523Ffd2A3f6152,2
0x2895eE26E7Bfa1c52b5EeD67AdBEeD01a0e21d8E,2
0x1aB89De00F039d9De0E17cd1F1A5E7372C475aC3,2
0x129DdF9c3958D5ae6A5A61a40110bEB8D7ca8E7d,2
0x04B9c7f17D3661fB98DfdB62f291f6f52adA1f0b,2
0x0424e057c2D0bC7e58C75975AAF38BF1e598cd49,2
0xFf672B72F6A14ed06d49cD728c30FdbCAa077240,1
0xfEC62b5ECdbe31d6309A4410A9ba85BD81A494Ec,1
0xFea5FEC74d592a12094A478fAa7884fF1167e90e,1
0xfEA4c5A224D02b411b6B5217C075275dB79DDD1c,1
0xFe7139aD41Ff17BBf650E4f3aB4a901ca7b6f461,1
0xfDfC50E371ecFEB94d5eCcf618357F4c447A99F0,1
0xFCa9fC919065c1d12BFF2e0c007595AB8bCCe8aD,1
0xfC83192a4047247462C36e5823990688Ace93FE3,1
0xfbEa1765932D0C289ABdbc1e164D198146591f2C,1
0xFB0f5755DC920416b486752423c572451af72AEd,1
0xfAA8dcc827153B8A4B70B109e6489992cD19103f,1
0xf98eccC9cDB15F40888d719435c130A645a64157,1
0xF87AAFaA01f252d50929c28575f76e3fDd7613C3,1
0xF645F366da5aC2CFCfacEb1cd95B903DF7c67fc8,1
0xF521dD46c9b24B8A2352402697FD0Cd581EC5F64,1
0xF3eD719655010A7d503403B7Cc567A3e95909f66,1
0xf3b059c887172f2cc52b5e77EE3b2C8B3A32E6eF,1
0xF2877832AE2ddbb90E5E337776921f00af79419e,1
0xf0803B4cf6359D64913eC6a0B8227640Afe69B2a,1
0xEFC16955C8D011561d91C1d8DF7cD27CeAd924e4,1
0xeD5b95342A7A4d2735F7D86c3D2c50cb03837446,1
0xed38c8326B6a20b200e580237Ea7444bF163a320,1
0xec3246323cb293DFf7611512C031cA4464BE3fA1,1
0xeB9d8758933a21A2b0adF1226f360631184fc898,1
0xeB665a2A0e720C7BF8E4251dda40047cfb81A307,1
0xeA3c05D6F69ebA831e3d31C2BbE79359FE082A0A,1
0xe98f0276a5F59c2B54886A17b0a2fAc717915510,1
0xe7415BC47E5325196FF4b33793Ef56e53991C2E3,1
0xe5E1d75B1A32A7A79d8BF75118246288B5038229,1
0xe5419D32EedEA69a01d03F0972c21C55F0475eA2,1
0xe33F06B81DdB8042A93648b4C13F9CBCe8A04c42,1
0xe302603a2e9B1a2306537FDafcd967be98aF9f5D,1
0xe223c05FA8C4c010d97649aD24009c722F0B3ee3,1
0xe1BC8A4d3Fa757bc6AE042ba2D889Eb6e13921CD,1
0xE0aeD5f5ea5AD990E6F8F2c1b3dBaA49E367CfC4,1
0xDE79fA44e6A37F437b2DC74E81e3958ABe9f000F,1
0xDB842142cc985C4E62E5aaF15DB63182C112acaf,1
0xDa610b7CeF2285B7B81cb605538Bc3F83999b2cE,1
0xD915800F3C395E93632F36EFaD9d2FF73758e964,1
0xD8dB8f3369EFAFb47175e9078B83D6C4f724BD5d,1
0xd89e2d60228782308CA0Cb71eFd016d4bCa7585A,1
0xD8846bC8388E5A9D3dBC69E3958a5Cd1B4f5eBf9,1
0xd8068f813c45C88CEBb02cBC0F91F95626Ec9a34,1
0xD7BC0ED023e71ffc6426a2bE6B89bA4Ff9e33478,1
0xd76bB40d855dece19de5D84a6a42a07F2B82fe72,1
0xd73405Af9eEfad3E5AD6de1f8Ef7ec709b0d223F,1
0xd51D49A1a67AB4ED75825D1F8a99b1c794e4A164,1
0xD4fe6bc042e989644cFC8F1b0972E74dCbbffBC4,1
0xd4C75C59905e8fa597EB87eAC2702E4A6Fa3ECdD,1
0xd4438e14872Ea786e7011746CD8F44E896BCF8E6,1
0xd3F2F426EdB3E7fb63ac368bAa08B73e8515c557,1
0xD1Be0d7De9CB6cB1184a80b237AC9Ceb403D3752,1
0xD1A917585855ae8860aa5852D72170c78F72e664,1
0xd112aD9591c8CD8295Ae55DC9F74433A9f655593,1
0xD0d9E3505349BC945A414A6EC8fF8bcaDAbF20e3,1
0xceDDc8E4ebFae34E3DaE92C2339c79cAb7A0d2d9,1
0xCE792B03A39264A56bD136d07B61aED61CD110C6,1
0xCe3f7Aa10c48B179fe6CF35510BD6118D50cF465,1
0xcC6B4266Cd8C3FE9f50c48b5609339fbD0E7cD91,1
0xcc1001D32202634F93360a9d78c3C28c77FD2d03,1
0xcBf11b40e267F9c694524BbC14d715f6b190c113,1
0xCB9196DFdEfbBc4f33A702a10af04C680de9fC13,1
0xc90fe8FA04B96cD87b5311CEaCC235cFB45A0FB2,1
0xC5CEe5923A8cFd13044452c381c00A4AACf196e1,1
0xC55C5324E893fe711FB02D32c94F756c7395005C,1
0xc46CfFA1Df8C8192ae6C77Fc695768C9521E0B85,1
0xc3c1744bcCFE4691e332c873F9cB99B53214e03C,1
0xc2C74D156DC2f614416D70541A59100e3fbFC4fF,1
0xc1D9c776Ef4BA56026bB47F16e36C6A4bdAB7d9E,1
0xc0df32E2848Ed6C37038540034f5B73855034cac,1
0xbFd8a8b583785130EB9A2BE69b9B06b7d933A889,1
0xBFC8780e3a5fE21c5e206B769C8D4AA96CDDc5Bd,1
0xbF8cb33574B663bb832ef14f0657d72D952f5995,1
0xBD9896ddC0B22270Ab19a1AE8Af014092F6625E3,1
0xBd1685a8ab12387Ccd484Ccb800320775cd55B40,1
0xbB63203FA253B667F1d8D591954F5a14ba5613E2,1
0xBAcF93Aa8A67d8f046A0601dee24a5CB4D49ada5,1
0xBa51d2e6170A641f21BE656940B2243fF674C849,1
0xB97e1a86A0C2D2F6AEecbFe61487B7F29BD13f44,1
0xB66eD94bfdE5081576d365046453b0d325AB26b8,1
0xB5462e14432E27A63CDA06Cf7a0595Bfed600AA1,1
0xB11356D14b429E3Dbad0A22a1fDadC3f63Ac6Ad3,1
0xaFAA188Ba59D8b7950C6B287Bb11E77759da714A,1
0xaf1C56ABb73ce0C13cCeE81b59479A5D0177eaB9,1
0xAC46C8748e1c0871968068A6B431b34d1770340A,1
0xAAD9f526A32C68C25bb005Ee8c7A4a64D72bE825,1
0xa98b6Dc11e73b730126d831D9C70A7d9eB201c50,1
0xA970fA27e02A61D9Ee6Eb311cce7B8D2bDc6AB50,1
0xA93732731df985d1a8bBD9DDfeCA88f80AE4d4f5,1
0xa92A340b21b2a913d5D47B651b45560f9d954EB4,1
0xa8f7942E4BE9C32Ae7ea3c830E517e53EdCFbb61,1
0xa65EdADf32e5730BA78415138E10751f317e4De2,1
0xA4a2B766c4BCb4949EBdb584542bfc039C7F8F58,1
0xA40F2c85F814827D9bC01D6E2e6328832991076e,1
0xa253Bb4079F53b04727002489E0Ee765280c1Ae2,1
0x9fF38Bebb8dC4F13cC5126083FA76aDbce4760F7,1
0x9f3548946850e17655F76A031C7d602202D8F51a,1
0x9eddbf9a23F831AdB4628C6913635951D1b17072,1
0x9Edb4aEbA2753499d88dC40086a5230182889B52,1
0x9E725E0916675bB4f7C00a3CECfdE4F50B932Cc6,1
0x9e52149395C7a29eA75c79C79D4cc159a4061C6B,1
0x9Bc84c99f7d6F7081D8FBC614BCFf790Eb553a11,1
0x998Ee9f2e4537330D2139a03f15D35508682a52a,1
0x96A9aC6722eC54695CB6C5dd1506699f29Ef4Edc,1
0x95785dDB6b7C2069520a547BDa324359600Fee01,1
0x955DA9462C4960Cf9aEd82B111c12FB13704e09a,1
0x946E99ED90D791D562423c363DdC92AaCF4e0ACE,1
0x93A9e1206c87b14959db646F77276c62822c4a57,1
0x935156Ec1744f201EA52db50CCA6b6B3930eDA13,1
0x91069286728A16fB0c2fE0e29EA56e253e69Eb01,1
0x90551e9E1Cb0c28AA6A9E99878B52d701Cf51553,1
0x8E32736429d2F0a39179214C826DeeF5B8A37861,1
0x8ce9291F77195877658ED285a42F34e12A3517cf,1
0x8cB1F920e437791A97443cC81b62476120D30e40,1
0x8c8619A1Be09336e17f32f6955dcAEe1cd7e432A,1
0x8BdE624921CF50c1e90d4aaB549670F71Bb8B651,1
0x8B8Ed57ddec110f4413c0B86661410cb09F17FBc,1
0x8AAA8E6494B13116AD65168283EC5269479611Ff,1
0x89005b04ce7218d0c5D3534a15d122A37C089427,1
0x888D254882756A9fa099d833FfEe771678691FdE,1
0x88884e35d7006AE84EfEf09ee6BC6A43DD8E2BB8,1
0x88829b6cFbd56148DBc170C11ff935DEB76EB55C,1
0x87eFf1A349a6F257Ce2c80eed0DAd58899666e5c,1
0x87C2E4DD9B35184Bcdee2933f9d1d5f87ec01311,1
0x878F9a75edEFE29918aaA6e9Ac8A26AfDD028BEE,1
0x870f9791e894D5E72098d3cA1265E2cf400DE7dF,1
0x86cf890E7712339D24F70d9B799d0Bfb28b221a0,1
0x863929dF84e4179848Bf5834bf7e02F0eB6439b2,1
0x863200854AA6f18c7E8F2D554b20C709199A7B9d,1
0x8550ee989F9b646803AF3C48163f663F4133c5f3,1
0x8439a3B6ed9cF3771Ba4b91C2812316a209ec194,1
0x82B471DD33CED97c295827148D75Cf0faC465c47,1
0x808A023B72260170c95d831F589A1ae0DCa1e43E,1
0x7F9b04FD81Cdce9497cDc2302933E65f42d92f28,1
0x7f3cd5Da54b7Aaf26Fe2EeCDbc394BD4d05B5226,1
0x7F2C67895Eeb9EB99f4d3F4ca7907E61fed738cc,1
0x7Bba80E55FeD1812974Ea0dB50E58D3f82348c1b,1
0x7B0E138070a3d88717BFB53f1F87299F69e5c3B9,1
0x7a7B486Ff3e062F6D8a5568CF39B8c281f25C798,1
0x780f3FDFde743B5D0Cc010AB639DD4122d8Eb66B,1
0x76BFDeE211F7DE65FaF8DD8E98a93fc3a0f3A650,1
0x7624066e1F83954dbe80c14182E6920d084B308c,1
0x753408E0d3D3Be3F41de1e4ee86f13079460a1D9,1
0x7488aDFD1a8A86504149b5A88c8Ac33eFFaaA9B1,1
0x739dC8f3045F6ad394C62ED3Ef043E8cE1ae2E1b,1
0x726fC71498415fbF19ab3985FEACc395A8F4cfe3,1
0x721FDD43bd765C6d645CE240d9a5035a148E4338,1
0x71f0027185FcEE1AD585D6CeAA0a92d2Ab0095Bc,1
0x707142511650f12eA9A87565cfFB83396a0F3936,1
0x6e34561550CA8e3451a7899e0199A93Db8002E3A,1
0x6df61319898DD27287D3E507D399F9137506Cd2e,1
0x6bE410BB33133469cd7F67e54163FF3d4deEaeA0,1
0x6963B940c563Ed9add515c9b4c800FfC69B6773D,1
0x694a20d325199b94698778F2deD782792516A726,1
0x668E961736454a2444ADB485340cB7F0844DDd3d,1
0x658D8bC956feE4C683459B3f1AA6D3183e1122b0,1
0x6516DEDe38F2E0791FeFD07c2E550dF3C87E10eE,1
0x64E243Cb1a1b11f87152a64442c68451b9C50A57,1
0x63931d8e5C04Ad0F67aaFF93be143E2CcFb93922,1
0x600e262Df5dFf3A79eFFAF024CbD20c5835A01bB,1
0x5f3d6141B371e1D3FDA66171640374211024B6A0,1
0x5dC8e8eF1116a8C891fd108895171FdBADcF28B0,1
0x5A6aC5D798B0B4963290E80E1CDc132b28576b00,1
0x5a61dd9A663a868144660F5fB7Dc8dB68F0500Fb,1
0x588A2764a579F763f5fb17C6A88fFB803c30F414,1
0x576f9fDD019204d39F0f42414705852f438d7117,1
0x56E9bFF1f4A02Db646D6640548eCd5061dDc0912,1
0x54e917896C2a7Bd38243De99C75Aecd702Bc1106,1
0x54C91a6ccAFE8083DAB1B63d33A67470c9F81676,1
0x53FBfe4F63E468ecba42B07BF8494fe4db9b03d0,1
0x53695fAE79A11f1E91AacB73eA37E36a8C09Baba,1
0x520086B1440f337B116DCb0086dFA6a348F1cEd2,1
0x51D2bF026Fde1Ce087c178d9cE3F91FdEbF054E6,1
0x518EC1006d2a9518388cF862369b1534190E12Fa,1
0x50d9e3891615162Fd90d70559b92fc941bf428f1,1
0x506e211e2597e7697309A532cB6227a0b559032B,1
0x4fabDE849F3D23fB952eC868df6ae0eb97961207,1
0x4Fa18D370C39FEE1A208E993070109717c15E9fC,1
0x4E8d623832e7741CBE72Fa1481FbbE80E48c8894,1
0x4D3e0974FAC3e1D40f834f7494Cd346267988e0c,1
0x4D3D9B456f36742a2027BE1a5f941bbB1fd2640a,1
0x4BF682963AA5d8ae3c7905578F7b2Fd465e87bdC,1
0x4B7bcb3D16d9B3D04813d7814476EAE5aC4AC5E8,1
0x4B75eE116aCDeC99C285410F08BDB02D11516384,1
0x4B70b870182F65E43E7413Ec33878015EAb7E7Ff,1
0x4a47B44CD543157f37061353a6050f3E9F2577E4,1
0x48F19a709E5De7297Ff514D7d4115E579D946015,1
0x48BD7f6658A7098B83b51b1b6E7A509e382D8aCf,1
0x47f425C7Cd2Ddc0294193994be84Cf02a2360E77,1
0x47b9438cf7A31C23810cB569a27D6BBC191f0c69,1
0x476d3cDBF988AC7C8ECEfb152965A5a9C5EE0e48,1
0x47589353ddE79ced0B97cf8F685A34657d752C19,1
0x471E675bfd8cC2dfCF3D3A671Edc67aa4f2Cd4CA,1
0x46CbCDe717706033C986C48C500FE3D67Fc5ea86,1
0x45D6BD4FE5ce9361E8c9A303Ade80E7435F7BB60,1
0x45Ab04C54264F485eeF8DB0c20E531E9D37cD53A,1
0x4580719aB87eB414Df356c423bAdEb95b71E13cD,1
0x457F48a0bBa2D1aB06AD6f9b5F6d8Ee9c457BbA1,1
0x451cFBe715CCE467B201c68D411b75Fe7032E308,1
0x40bC680b605c6A9824860ABB101e482A8131e108,1
0x3F0B9498Af4f998E50C4fDE74948029551cda3Af,1
0x3df6Dd710BA23A2eF56B946Ed4980d9F84895d1e,1
0x3aBC79fF0A835caaC1193D2EC107938C364E1e82,1
0x3AB67a4494C95D0FD93e95dDa461557ACeEa2F4E,1
0x3A0884449E50A524E4fB7676dEa4e06A7E0F4159,1
0x398F1e838bf1acee363F620B7Ac87b6469AEEF17,1
0x39718FD8CA10e9730A25BFc0eFC4781D563e465A,1
0x39555C88dD5a59A4556a3658c89F3DFc7DF03Ad2,1
0x393b5505807dCe9f57ED9e285317e15fF0C622A9,1
0x38A564A38Be5DFb6eF2AB765dA1e4397d03C2D62,1
0x384cE5A3eE0647183f0ABE96952839eDa9faE72F,1
0x33b0784543F5A2Ab6380D02ae3233D18127905F3,1
0x31E78bB913861cA8Cc944E5D6cA246d077c2fAA0,1
0x31d0e99CAd9F8C9088C2C749342C13b8CecC8829,1
0x30F22Eeca59aBa58f2F239c2BDf3A655F528a3dd,1
0x2b4a3eBB0B5be22e53d058029948d882b4afe27b,1
0x2B04431ceB74cf7E1d44BB73196154BA527140A2,1
0x27191959700ca8C1A9bD0cF256d193f78845E789,1
0x2627c39DaBac510F47f2A692225e70C9B6249276,1
0x25d4EF82374e02E8f94535efa18F224e1e715E6a,1
0x259d148468bc7c7d9dB54b57B6F4B80F53e4537f,1
0x24db6427d5A1c40261e865550fd4bEfF7BFFe7dC,1
0x23038B2BeccAe773D9b830dDE765EBDEB0249fBA,1
0x22ea0126167063cB14be7948f118f3CA767A0deb,1
0x1e0651307ABC1d6Ab0E13A51dC541a5B6bF298f4,1
0x1d2669C2C19C9d0C761d3E336D205a39f97a4fBB,1
0x1ccaf054CF2c0efD081568dFD87Ce779FF509cA6,1
0x1c6Da3AF338facB46c782051259ceAF8D739016d,1
0x1Bf2f04a033FF7a6753E99CaC4F84E67dC43636e,1
0x197D3b7675Ba58B8d3e826B8be0A39C1e397e50C,1
0x196D2a24323eDa8eD674cEB2CC10a4ec00c783fd,1
0x18f825e6f43437c312dcABd367347526D3309557,1
0x17f9C6E2cca389e42553C00438f2224C0245b100,1
0x15bAfe82C1dD46a593D43725AC9775A702f1E339,1
0x158fe15aF625B86752667827A5F71CbFf04f3167,1
0x14Fdd851183b8f2cC9430918bE0FE6Db883DDFa4,1
0x14A5a065F6645aA70643297f64462001c7C1d112,1
0x12EF2cD4231D5CF655a6CDD4Ac1524FFaa439c17,1
0x10bb170668c7246133ae6231500743881cCCA299,1
0x0E210A1C804E124C91F36a5226D2994f2adBea41,1
0x0e0a4aa4d1051F76b985633812c475BD4c8c6E23,1
0x0dEf9b4811E4c4E9Da5ACF82d421C97B5E9C152F,1
0x0D8d78700E23E82b280f57Db10c26b2fF51Cd8cD,1
0x0D81C5f52108701E4265459F594d6C3845053aad,1
0x0Cac11a7D29aB8C87D8fedB9Cc736146f4fe8E84,1
0x0C126B19Cc44bab71d50Ef8b752b2aBC548d3364,1
0x0B8170AbC9822b5BeE50c1E4c8eA7157a827Edc7,1
0x0b7B98ceb350a9C2c3b21df35D861Be3B0B724ec,1
0x0Aba0b05a51CfA00d7b7bF2f8793AE052779df78,1
0x0a1a8a13fd2c3094B8F563B4944Db4e18bFcF90C,1
0x0904d8870e526c7E9106E80c227DeFE6A1055dbc,1
0x0829CA409fc92Ac16A9749033cCcFD094bDA2bBf,1
0x05f4421fd2a68519E07E3902222ce67F3b6bD845,1
0x012E868121DB86b3dAc062F58cdC797c8879Ce7E,1
